image: atlas5_corridors.pgm
resolution: 0.050000
origin: [-62.500000, -62.500000, 0.000000]
negate: 0
occupied_thresh: 0.65
free_thresh: 0.196

