image: simple.pgm
resolution: 0.020000
origin: [400.0, 400.0, 0.000000]
negate: 0
occupied_thresh: 0.65
free_thresh: 0.196

